# Created by Octave 4.2.2, Fri Dec 07 13:44:18 2018 IST <siddharth@sid-laptop>
# name: predDep
# type: matrix
# rows: 111
# columns: 1
 0.2944917522896762
 0.3924135810976441
 0.4322431743241202
 0.2473070024550832
 0.1151043228103827
 0.3170562488384329
 0.1301107832913697
 0.9952479181610705
 0.4355559810991969
 0.3817057736435116
 0.2666152755228051
 0.2481191351569336
 0.5432400058922959
 0.3707897567899811
 0.3268978680626584
 0.6329301134552933
 0.1723278034339773
 0.1286883159604607
 0.2893055675444927
 0.5197745138334435
 0.5088619521557292
 0.3434346768868658
 0.3509540501308158
 0.8335843253918988
 0.1379272561459823
 0.1018711253896271
 0.1889018719127344
 0.2232474664799313
 0.3624139978460465
 0.4560742477449107
 0.5680035028390803
 0.07855848458560358
 0.08634775768107189
 0.5720488464689426
 0.3003431644496316
 0.4024106918955446
 0.1177897248078031
 0.450958743898852
 0.2166141446459097
 0.2593749472067038
 0.4958452571431546
 0.1166342864157806
 0.2939170550371949
 0.3458472574129656
 0.3830120056429454
 0.1047417493470654
 0.3574888881118544
 0.18494764091172
 0.437964462628598
 0.3166865969947172
 0.3645375820332284
 0.2876091638606445
 0.3222986038886976
 0.126939976900045
 0.3759820843524816
 0.34325969969588
 0.1117726804516911
 0.17785524263428
 0.1845126400107439
 0.2060889716861261
 0.2738625173057028
 0.7625615620153137
 0.1449237279351026
 0.8909243177844804
 0.518887807620143
 0.08617291123937769
 0.3331147532686343
 0.06274093281908848
 0.521407589583202
 0.3453529279340764
 0.1515078594033785
 0.4685569843881351
 0.2140106003502586
 0.2385245547327492
 0.3452200426043347
 0.2209254991424435
 0.4824734882659109
 0.2041805444406044
 0.2514185823363097
 0.2273452785829888
 0.2114974832117755
 0.1383626698372583
 0.440673812860531
 0.5810530990320746
 0.1264606887306001
 0.3544955124414609
 0.3514249873942444
 0.3451746803022746
 0.4451465712569768
 0.1094638970048351
 0.2808275788083582
 0.7058053859775154
 0.2264901015447805
 0.4702460267670162
 0.4664393721805637
 0.550973472518014
 0.1518368607307714
 0.4137129217901915
 0.1336751453668097
 0.1104891477042925
 0.3701766291910795
 0.08279163485970403
 0.6028474804489123
 0.4602760524381865
 0.06681473414682483
 0.2966002322133548
 0.2483544606603516
 0.4478327119875176
 0.2460274315998625
 0.6311191524921972
 0.501389360393474


